      0.015625              0              0  1.7898506e+09              0              0              0              0              0  1.7898506e+09              0      1068279.2
   0.025645398              0              0  2.8881089e+09              0              0              0              0              0  2.8881089e+09              0      1068279.2
   0.035635355              0              0  3.9879191e+09              0              0              0              0              0  3.9879191e+09              0      1068279.2
   0.045653681              0              0  5.0939594e+09              0              0              0              0              0  5.0939594e+09              0      1068279.2
   0.055706303              0              0   6.208724e+09              0              0              0              0              0   6.208724e+09              0      1068279.2
   0.065799423              0              0  7.3353922e+09              0              0              0              0              0  7.3353922e+09              0      1068279.2
   0.075850204              0              0  8.4674701e+09              0              0              0              0              0  8.4674701e+09              0      1068279.2
   0.085678565              0              0  9.5873967e+09              0              0              0              0              0  9.5873967e+09              0      1068279.2
   0.095997499              0              0  1.0781188e+10              0              0              0              0              0  1.0781188e+10              0      1068279.2
    0.10582597              0              0  1.1942137e+10              0              0              0              0              0  1.1942137e+10              0      1068279.2
    0.11571693              0              0   1.313835e+10              0              0              0              0              0   1.313835e+10              0      1068279.2
    0.12601949              0              0  1.4452927e+10              0              0              0              0              0  1.4452927e+10              0      1068279.2
    0.13612905              0              0  1.5776646e+10              0              0              0              0              0  1.5776646e+10              0      1068279.2
       0.14586              0              0  1.7133483e+10              0              0              0              0              0  1.7133483e+10              0      1068279.2
     0.1556531              0              0  1.8542314e+10              0              0              0              0              0  1.8542314e+10              0      1068279.2
    0.16610372              0              0  2.0113432e+10              0              0              0              0              0  2.0113432e+10              0      1068279.2
      0.175822              0              0  2.1656396e+10              0              0              0              0              0  2.1656396e+10              0      1068279.2
    0.18610887              0              0  2.3343814e+10              0              0              0              0              0  2.3343814e+10              0      1068279.2
    0.19619914              0              0   2.509666e+10              0              0              0              0              0   2.509666e+10              0      1068279.2
    0.20599813              0              0  2.6831281e+10              0              0              0              0              0  2.6831281e+10              0      1068279.2
    0.21628652              0              0  2.8768086e+10              0              0              0              0              0  2.8768086e+10              0      1068279.2
    0.22616832              0              0  3.0692188e+10              0              0              0              0              0  3.0692188e+10              0      1068279.2
     0.2365016              0              0  3.2771388e+10              0              0              0              0              0  3.2771388e+10              0      1068279.2
    0.24630463              0              0  3.4723446e+10              0              0              0              0              0  3.4723446e+10              0      1068279.2
    0.25651398              0              0  3.6577677e+10              0              0              0              0              0  3.6577677e+10              0      1068279.2
    0.26606373              0              0  3.8414143e+10              0              0              0              0              0  3.8414143e+10              0      1068279.2
      0.275969              0              0   4.039003e+10              0              0              0              0              0   4.039003e+10              0      1068279.2
    0.28624304              0              0  4.2492381e+10              0              0              0              0              0  4.2492381e+10              0      1068279.2
    0.29569618              0              0  4.4252543e+10              0              0              0              0              0  4.4252543e+10              0      1068279.2
    0.30670464              0              0  4.6458455e+10              0              0              0              0              0  4.6458455e+10              0      1068279.2
    0.31683352              0              0  4.8522357e+10              0              0              0              0              0  4.8522357e+10              0      1068279.2
    0.32597032              0              0  5.0604445e+10              0              0              0              0              0  5.0604445e+10              0      1068279.2
    0.33673545              0              0  5.2960964e+10              0              0              0              0              0  5.2960964e+10              0      1068279.2
    0.34644617              0              0  5.4573174e+10              0              0              0              0              0  5.4573174e+10              0      1068279.2
    0.35643694              0              0  5.6139541e+10              0              0              0              0              0  5.6139541e+10              0      1068279.2
    0.36671581              0              0  5.7719605e+10              0              0              0              0              0  5.7719605e+10              0      1068279.2
    0.37576188              0              0    5.91297e+10              0              0              0              0              0    5.91297e+10              0      1068279.2
    0.38659805              0              0  6.0661759e+10              0              0              0              0              0  6.0661759e+10              0      1068279.2
    0.39613457              0              0  6.2175725e+10              0              0              0              0              0  6.2175725e+10              0      1068279.2
    0.40590633              0              0  6.3787315e+10              0              0              0              0              0  6.3787315e+10              0      1068279.2
    0.41591915              0              0  6.5350482e+10              0              0              0              0              0  6.5350482e+10              0      1068279.2
    0.42617895              0              0   6.685336e+10              0              0              0              0              0   6.685336e+10              0      1068279.2
    0.43669185              0              0  6.8355684e+10              0              0              0              0              0  6.8355684e+10              0      1068279.2
    0.44565042              0              0  6.9902738e+10              0              0              0              0              0  6.9902738e+10              0      1068279.2
    0.45664363              0              0  7.2069011e+10              0              0              0              0              0  7.2069011e+10              0      1068279.2
    0.46601151              0              0   7.386604e+10              0              0              0              0              0   7.386604e+10              0      1068279.2
    0.47750699              0              0  7.4798172e+10              0              0              0              0              0  7.4798172e+10              0      1068279.2
    0.48730287              0              0  7.5652071e+10              0              0              0              0              0  7.5652071e+10              0      1068279.2
    0.49729971              0              0  7.6940501e+10              0              0              0              0              0  7.6940501e+10              0      1068279.2
    0.50750163              0              0  7.8464884e+10              0              0              0              0              0  7.8464884e+10              0      1068279.2
    0.51581366              0              0  8.0434355e+10              0              0              0              0              0  8.0434355e+10              0      1068279.2
    0.52639539              0              0   8.286088e+10              0              0              0              0              0   8.286088e+10              0      1068279.2
     0.5371942              0              0  8.4255659e+10              0              0              0              0              0  8.4255659e+10              0      1068279.2
    0.54599253              0              0  8.4889129e+10              0              0              0              0              0  8.4889129e+10              0      1068279.2
    0.55719337              0              0  8.6145854e+10              0              0              0              0              0  8.6145854e+10              0      1068279.2
    0.56631926              0              0  8.6991127e+10              0              0              0              0              0  8.6991127e+10              0      1068279.2
    0.57793709              0              0  8.7961205e+10              0              0              0              0              0  8.7961205e+10              0      1068279.2
    0.58740273              0              0   8.876271e+10              0              0              0              0              0   8.876271e+10              0      1068279.2
     0.5970234              0              0   8.970154e+10              0              0              0              0              0   8.970154e+10              0      1068279.2
    0.60680163              0              0  9.0775509e+10              0              0              0              0              0  9.0775509e+10              0      1068279.2
    0.61674002              0              0  9.2001244e+10              0              0              0              0              0  9.2001244e+10              0      1068279.2
    0.62684118              0              0   9.326901e+10              0              0              0              0              0   9.326901e+10              0      1068279.2
    0.63710779              0              0   9.378111e+10              0              0              0              0              0   9.378111e+10              0      1068279.2
    0.64754254              0              0  9.4315637e+10              0              0              0              0              0  9.4315637e+10              0      1068279.2
    0.65814819              0              0  9.5175682e+10              0              0              0              0              0  9.5175682e+10              0      1068279.2
    0.66621627              0              0  9.6023258e+10              0              0              0              0              0  9.6023258e+10              0      1068279.2
    0.67712777              0              0  9.7560544e+10              0              0              0              0              0  9.7560544e+10              0      1068279.2
    0.68821799              0              0  9.9324792e+10              0              0              0              0              0  9.9324792e+10              0      1068279.2
    0.69665468              0              0  1.0006007e+11              0              0              0              0              0  1.0006007e+11              0      1068279.2
    0.70806471              0              0  1.0069923e+11              0              0              0              0              0  1.0069923e+11              0      1068279.2
    0.71674471              0              0  1.0098758e+11              0              0              0              0              0  1.0098758e+11              0      1068279.2
    0.72848378              0              0  1.0164008e+11              0              0              0              0              0  1.0164008e+11              0      1068279.2
    0.73741408              0              0  1.0205216e+11              0              0              0              0              0  1.0205216e+11              0      1068279.2
    0.74645386              0              0  1.0269318e+11              0              0              0              0              0  1.0269318e+11              0      1068279.2
    0.75867952              0              0  1.0366674e+11              0              0              0              0              0  1.0366674e+11              0      1068279.2
    0.76797999              0              0   1.042696e+11              0              0              0              0              0   1.042696e+11              0      1068279.2
    0.77739447              0              0  1.0487592e+11              0              0              0              0              0  1.0487592e+11              0      1068279.2
    0.78692436              0              0  1.0535495e+11              0              0              0              0              0  1.0535495e+11              0      1068279.2
    0.79657108              0              0  1.0559835e+11              0              0              0              0              0  1.0559835e+11              0      1068279.2
    0.80633605              0              0   1.062134e+11              0              0              0              0              0   1.062134e+11              0      1068279.2
    0.81622073              0              0  1.0691874e+11              0              0              0              0              0  1.0691874e+11              0      1068279.2
    0.82622658              0              0  1.0785325e+11              0              0              0              0              0  1.0785325e+11              0      1068279.2
    0.83635509              0              0  1.0883095e+11              0              0              0              0              0  1.0883095e+11              0      1068279.2
    0.84660776              0              0  1.0978988e+11              0              0              0              0              0  1.0978988e+11              0      1068279.2
    0.85698612              0              0  1.1071852e+11              0              0              0              0              0  1.1071852e+11              0      1068279.2
    0.86749171              0              0  1.1107274e+11              0              0              0              0              0  1.1107274e+11              0      1068279.2
    0.87812608              0              0  1.1120389e+11              0              0              0              0              0  1.1120389e+11              0      1068279.2
    0.88889082              0              0  1.1157011e+11              0              0              0              0              0  1.1157011e+11              0      1068279.2
    0.89614052              0              0  1.1198089e+11              0              0              0              0              0  1.1198089e+11              0      1068279.2
    0.90712609              0              0  1.1260942e+11              0              0              0              0              0  1.1260942e+11              0      1068279.2
    0.91824633              0              0  1.1331563e+11              0              0              0              0              0  1.1331563e+11              0      1068279.2
    0.92573545              0              0  1.1407597e+11              0              0              0              0              0  1.1407597e+11              0      1068279.2
    0.93708382              0              0  1.1525177e+11              0              0              0              0              0  1.1525177e+11              0      1068279.2
     0.9485713              0              0  1.1609676e+11              0              0              0              0              0  1.1609676e+11              0      1068279.2
    0.95630775              0              0  1.1614298e+11              0              0              0              0              0  1.1614298e+11              0      1068279.2
     0.9680309              0              0  1.1586733e+11              0              0              0              0              0  1.1586733e+11              0      1068279.2
    0.97592606              0              0  1.1589639e+11              0              0              0              0              0  1.1589639e+11              0      1068279.2
     0.9878897              0              0  1.1567065e+11              0              0              0              0              0  1.1567065e+11              0      1068279.2
    0.99594683              0              0  1.1558121e+11              0              0              0              0              0  1.1558121e+11              0      1068279.2
