    0.015625    0.0199364
   0.0162885     0.020783
   0.0169802    0.0216656
   0.0177013    0.0225856
    0.018453    0.0235447
   0.0192366    0.0245445
   0.0200535    0.0255868
   0.0209051    0.0266734
   0.0217929    0.0278061
   0.0227183    0.0289869
   0.0236831    0.0302178
   0.0246888     0.031501
   0.0257372    0.0328387
   0.0268302    0.0342332
   0.0279695    0.0356869
   0.0291573    0.0372023
   0.0303955    0.0387821
   0.0316862    0.0404289
   0.0330318    0.0421457
   0.0344345    0.0439354
   0.0358968     0.045801
   0.0374212    0.0477459
   0.0390103    0.0497733
   0.0406669    0.0518868
   0.0423939      0.05409
   0.0441942    0.0563867
   0.0460709     0.058781
   0.0480273    0.0612768
   0.0500669    0.0638786
    0.052193    0.0665908
   0.0544094    0.0694181
   0.0567199    0.0723654
   0.0591286    0.0754377
   0.0616395    0.0786403
   0.0642571    0.0819788
   0.0669858    0.0854588
   0.0698304    0.0890865
   0.0727958    0.0928679
   0.0758872    0.0968095
   0.0791098     0.100918
   0.0824692     0.105201
   0.0859714     0.109665
   0.0896222     0.114318
   0.0934281     0.119168
   0.0973956     0.124223
    0.101532     0.129492
    0.105843     0.134983
    0.110338     0.140706
    0.115023     0.146671
    0.119908     0.152887
       0.125     0.159364
    0.130308     0.166114
    0.135842     0.173148
     0.14161     0.180476
    0.147624     0.188111
    0.153893     0.196066
    0.160428     0.204352
    0.167241     0.212982
    0.174343     0.221971
    0.181747     0.231331
    0.189465     0.241077
     0.19751     0.251223
    0.205898     0.261783
    0.214641     0.272773
    0.223756     0.284206
    0.233258     0.296099
    0.243164     0.308465
     0.25349      0.32132
    0.264255     0.334677
    0.275476     0.348552
    0.287175     0.362956
     0.29937     0.377903
    0.312083     0.393404
    0.325335      0.40947
    0.339151     0.426108
    0.353553     0.443325
    0.368567     0.461125
    0.384219      0.47951
    0.400535     0.498479
    0.417544     0.518025
    0.435275     0.538139
     0.45376     0.558808
    0.473029     0.580013
    0.493116     0.601729
    0.514057     0.623928
    0.535887     0.646572
    0.558644     0.669621
    0.582367     0.693026
    0.607097     0.716735
    0.632878     0.740687
    0.659754     0.764819
    0.687771     0.789061
    0.716978     0.813341
    0.747425     0.837585
    0.779165     0.861716
    0.812252     0.885658
    0.846745     0.909336
    0.882703     0.932676
    0.920188     0.955609
    0.959264      0.97807
           1            1
