          63      50.1595
  0.00628319  0.000142653      0.00628348  0.000142656
  0.00644026  0.000156169       0.0064406  0.000156172
  0.00660127  0.000170928      0.00660165  0.000170932
   0.0067663   0.00018704      0.00676673  0.000187045
  0.00693546  0.000204625      0.00693593  0.000204631
  0.00710885   0.00022381      0.00710938  0.000223817
  0.00728657  0.000244736      0.00728716  0.000244745
  0.00746873  0.000267553       0.0074694  0.000267564
  0.00765545  0.000292425       0.0076562  0.000292437
  0.00784684  0.000319527      0.00784767  0.000319542
  0.00804301  0.000349051      0.00804394  0.000349069
  0.00824408  0.000381201      0.00824513  0.000381223
  0.00845019    0.0004162      0.00845136  0.000416226
  0.00866144  0.000454287      0.00866275  0.000454318
  0.00887798   0.00049572      0.00887944  0.000495757
  0.00909993  0.000540775      0.00910157  0.000540819
  0.00932742  0.000589752      0.00932926  0.000589805
  0.00956061  0.000642973      0.00956266  0.000643036
  0.00979962  0.000700783      0.00980191  0.000700857
   0.0100446  0.000763552       0.0100472  0.000763641
   0.0102957  0.000831681       0.0102986  0.000831787
   0.0105531  0.000905597       0.0105563  0.000905723
    0.010817  0.000985757       0.0108205  0.000985907
   0.0110874   0.00107265       0.0110913   0.00107283
   0.0113646   0.00116682        0.011369   0.00116703
   0.0116487    0.0012688       0.0116536   0.00126905
   0.0119399   0.00137922       0.0119454   0.00137952
   0.0122384   0.00149871       0.0122445   0.00149906
   0.0125443   0.00162796       0.0125512   0.00162837
    0.012858    0.0017677       0.0128655   0.00176819
   0.0131794   0.00191871       0.0131878    0.0019193
   0.0135089   0.00208184       0.0135183   0.00208253
   0.0138466   0.00225796        0.013857   0.00225877
   0.0141928   0.00244801       0.0142044   0.00244898
   0.0145476   0.00265301       0.0145605   0.00265415
   0.0149113   0.00287402       0.0149256   0.00287536
   0.0152841   0.00311216       0.0152999   0.00311374
   0.0156662   0.00336863       0.0156838    0.0033705
   0.0160578   0.00364472       0.0160773   0.00364692
   0.0164593   0.00394175       0.0164809   0.00394434
   0.0168708   0.00426117       0.0168947    0.0042642
   0.0172925   0.00460445        0.017319   0.00460802
   0.0177248   0.00497321       0.0177542    0.0049774
    0.018168   0.00536911       0.0182004   0.00537402
   0.0186222   0.00579392       0.0186581   0.00579967
   0.0190877   0.00624951       0.0191274   0.00625624
   0.0195649   0.00673783       0.0196088    0.0067457
    0.020054   0.00726094       0.0201025   0.00727015
   0.0205554   0.00782102       0.0206089   0.00783177
   0.0210693   0.00842034       0.0211283   0.00843289
    0.021596   0.00906128       0.0216611   0.00907591
   0.0221359   0.00974634       0.0222077    0.0097634
   0.0226893    0.0104782       0.0227684     0.010498
   0.0232565    0.0112595       0.0233437    0.0112826
   0.0238379    0.0120931       0.0239339      0.01212
   0.0244339    0.0129821       0.0245394    0.0130133
   0.0250447    0.0139296       0.0251608    0.0139658
   0.0256708    0.0149388       0.0257984    0.0149808
   0.0263126    0.0160132       0.0264527    0.0160618
   0.0269704    0.0171562       0.0271243    0.0172125
   0.0276447    0.0183716       0.0278136    0.0184367
   0.0283358    0.0196632        0.028521    0.0197384
   0.0290442    0.0210349       0.0292473    0.0211217
   0.0297703    0.0224909       0.0299928    0.0225911
   0.0305146    0.0240355       0.0307583    0.0241509
   0.0312774     0.025673       0.0315442     0.025806
   0.0320594    0.0274082       0.0323512    0.0275612
   0.0328609    0.0292457         0.03318    0.0294217
   0.0336824    0.0311904       0.0340312    0.0313926
   0.0345244    0.0332475       0.0349055    0.0334796
   0.0353875    0.0354222       0.0358036    0.0356883
   0.0362722    0.0377198       0.0367263    0.0380248
    0.037179     0.040146       0.0376743    0.0404952
   0.0381085    0.0427065       0.0386484     0.043106
   0.0390612    0.0454072       0.0396495    0.0458638
   0.0400378    0.0482542       0.0406784    0.0487757
   0.0410387    0.0512537       0.0417361    0.0518489
   0.0420647    0.0544122       0.0428234    0.0550908
   0.0431163    0.0577363       0.0439413    0.0585094
   0.0441942    0.0612328       0.0450909    0.0621128
   0.0452991    0.0649085       0.0462732    0.0659095
   0.0464315    0.0687707       0.0474892    0.0699084
   0.0475923    0.0728267       0.0487402    0.0741185
   0.0487821    0.0770838       0.0500273    0.0785496
   0.0500017    0.0815498       0.0513518    0.0832116
   0.0512517    0.0862325       0.0527149    0.0881151
    0.052533    0.0911399        0.054118    0.0932709
   0.0538463    0.0962801       0.0555624    0.0986904
   0.0551925     0.101662       0.0570497     0.104386
   0.0565723     0.107293       0.0585814     0.110369
   0.0579866     0.113182        0.060159     0.116654
   0.0594363     0.119339       0.0617842     0.123254
   0.0609222     0.125772       0.0634588     0.130183
   0.0624452     0.132491       0.0651845     0.137457
   0.0640064     0.139505       0.0669633     0.145092
   0.0656065     0.146823       0.0687971     0.153104
   0.0672467     0.154455        0.070688     0.161512
   0.0689279     0.162411       0.0726382     0.170335
   0.0706511     0.170701       0.0746499     0.179591
   0.0724173     0.179336       0.0767256     0.189303
   0.0742278     0.188325       0.0788676     0.199492
   0.0760835      0.19768       0.0810788     0.210183
   0.0779855      0.20741       0.0833618     0.221401
   0.0799352     0.217527       0.0857194     0.233173
   0.0819336     0.228042       0.0881549     0.245527
   0.0839819     0.238966       0.0906712     0.258495
   0.0860815      0.25031        0.093272      0.27211
   0.0882335     0.262085       0.0959606     0.286407
   0.0904393     0.274304       0.0987409     0.301424
   0.0927003     0.286977        0.101617     0.317203
   0.0950178     0.300117        0.104593     0.333788
   0.0973933     0.313736        0.107673     0.351228
   0.0998281     0.327846        0.110862     0.369574
    0.102324      0.34246        0.114165     0.388884
    0.104882     0.357588        0.117587     0.409219
    0.107504     0.373245        0.121135     0.430649
    0.110192     0.389442        0.124813     0.453246
    0.112946     0.406193         0.12863     0.477095
     0.11577      0.42351        0.132591     0.502284
    0.118664     0.441406        0.136704     0.528915
    0.121631     0.459894        0.140977       0.5571
    0.124672     0.478987         0.14542     0.586964
    0.127788     0.498698        0.150041     0.618646
    0.130983     0.519042         0.15485     0.652303
    0.134258      0.54003         0.15986     0.688114
    0.137614     0.561676        0.165082     0.726278
    0.141054     0.583994         0.17053     0.767026
    0.144581     0.606998        0.176219     0.810617
    0.148195       0.6307        0.182165     0.857351
      0.1519     0.655114        0.188387     0.907571
    0.155698     0.680254        0.194906     0.961674
     0.15959     0.706133        0.201743      1.02012
     0.16358     0.732766        0.208925      1.08344
    0.167669     0.760164         0.21648      1.15225
    0.171861     0.788343        0.224441      1.22728
    0.176158     0.817315        0.232845      1.30937
    0.180562     0.847094        0.241731      1.39951
    0.185076     0.877694        0.251149      1.49887
    0.189703     0.909127        0.261149      1.60881
    0.194445     0.941407        0.271791      1.73094
    0.199306     0.974548        0.283143      1.86717
    0.204289      1.00856        0.295279      2.01971
    0.209396      1.04346        0.308286      2.19121
    0.214631      1.07926        0.322257      2.38477
    0.219997      1.11597        0.337298      2.60405
    0.225497      1.15361        0.353525      2.85337
    0.231134      1.19218        0.371068      3.13779
    0.236913       1.2317        0.390067      3.46327
    0.242835      1.27219        0.410675       3.8368
    0.248906      1.31364        0.433057      4.26656
    0.255129      1.35608         0.45739      4.76209
    0.261507      1.39952        0.483861      5.33449
    0.268045      1.44397        0.512669      5.99664
    0.274746      1.48943        0.544021       6.7634
    0.281615      1.53592        0.578129      7.65187
    0.288655      1.58346        0.615216      8.68157
    0.295871      1.63204        0.655504      9.87469
    0.303268      1.68168        0.699219      11.2563
     0.31085      1.73239        0.746585      12.8544
    0.318621      1.78418        0.797825         14.7
    0.326587      1.83706        0.853152      16.8273
    0.334751      1.89103        0.912772      19.2731
     0.34312      1.94611        0.976877      22.0771
    0.351698       2.0023         1.04564      25.2807
     0.36049       2.0596         1.11922      28.9267
    0.369503      2.11804         1.19773      33.0584
     0.37874       2.1776         1.28128      37.7178
    0.388209      2.23831         1.36994      42.9452
    0.397914      2.30015         1.46374      48.7765
    0.407862      2.36315         1.56267      55.2425
    0.418058       2.4273          1.6667      62.3667
     0.42851      2.49261         1.77575       70.164
    0.439223      2.55909         1.88971      78.6399
    0.450203      2.62672         2.00845      87.7891
    0.461458      2.69553         2.13183      97.5963
    0.472995      2.76551         2.25968      108.036
     0.48482      2.83666         2.39182      119.073
     0.49694      2.90898         2.52811      130.666
    0.509364      2.98248         2.66839      142.768
    0.522098      3.05715         2.81253      155.328
     0.53515        3.133         2.96045      168.296
    0.548529      3.21002         3.11207      181.621
    0.562242      3.28821         3.26737      195.257
    0.576298      3.36757         3.42636      209.164
    0.590706       3.4481         3.58908      223.304
    0.605473       3.5298         3.75562       237.65
     0.62061      3.61265          3.9261      252.178
    0.636125      3.69667         4.10065      266.874
    0.652028      3.78183         4.27946      281.727
    0.668329      3.86814         4.46273      296.735
    0.685037      3.95559         4.65066      311.897
    0.702163      4.04418         4.84351      327.221
    0.719717      4.13389         5.04151      342.713
     0.73771      4.22472         5.24493      358.387
    0.756153      4.31667         5.45405      374.255
    0.775057      4.40972         5.66912      390.333
    0.794433      4.50386         5.89045      406.637
    0.814294      4.59908         6.11832      423.183
    0.834652      4.69538         6.35303      439.989
    0.855518      4.79274         6.59488      457.071
    0.876906      4.89116         6.84416      474.446
    0.898828      4.99061         7.10119      492.131
    0.921299      5.09109         7.36627      510.141
    0.944332      5.19259         7.63972      528.491
     0.96794      5.29508         7.92186      547.197
    0.992138      5.39857         8.21302      566.272
     1.01694      5.50302         8.51351       585.73
     1.04237      5.60844         8.82369      605.583
     1.06842      5.71479         9.14387      625.843
     1.09514      5.82208         9.47442      646.522
     1.12251      5.93028         9.81568       667.63
     1.15058      6.03937          10.168      689.178
     1.17934      6.14934         10.5318      711.176
     1.20882      6.26017         10.9074      733.632
     1.23904      6.37184         11.2951      756.556
     1.27002      6.48434         11.6955      779.955
     1.30177      6.59765         12.1089      803.838
     1.33432      6.71174         12.5357      828.211
     1.36767      6.82661         12.9762      853.082
     1.40187      6.94222         13.4311      878.457
     1.43691      7.05857         13.9006      904.343
     1.47284      7.17562         14.3853      930.746
     1.50966      7.29337         14.8856      957.671
      1.5474      7.41179         15.4021      985.123
     1.58608      7.53085         15.9351      1013.11
     1.62573      7.65055         16.4852      1041.63
     1.66638      7.77085         17.0529       1070.7
     1.70804      7.89175         17.6387      1100.31
     1.75074       8.0132         18.2433      1130.47
     1.79451      8.13521         18.8671      1161.19
     1.83937      8.25773         19.5107      1192.47
     1.88535      8.38076         20.1747      1224.31
     1.93249      8.50426         20.8598      1256.71
      1.9808      8.62822         21.5665      1289.68
     2.03032      8.75262         22.2956      1323.23
     2.08108      8.87744         23.0476      1357.35
      2.1331      9.00264         23.8232      1392.05
     2.18643      9.12821         24.6232      1427.32
     2.24109      9.25414         25.4483      1463.18
     2.29712      9.38039         26.2991      1499.62
     2.35455      9.50694         27.1765      1536.65
     2.41341      9.63377         28.0812      1574.27
     2.47375      9.76086         29.0141      1612.48
     2.53559       9.8882          29.976      1651.27
     2.59898      10.0157         30.9676      1690.67
     2.66396      10.1435           31.99      1730.65
     2.73055      10.2714         33.0439      1771.23
     2.79882      10.3995         34.1303      1812.41
     2.86879      10.5277         35.2501      1854.18
     2.94051       10.656         36.4044      1896.56
     3.01402      10.7844         37.5941      1939.53
     3.08937      10.9128         38.8202       1983.1
     3.16661      11.0413         40.0838      2027.27
     3.24577      11.1699          41.386      2072.04
     3.32691      11.2984         42.7279      2117.41
     3.41009      11.4269         44.1107      2163.39
     3.49534      11.5554         45.5354      2209.96
     3.58272      11.6839         47.0034      2257.13
     3.67229      11.8122         48.5159       2304.9
      3.7641      11.9405         50.0741      2353.28
      3.8582      12.0687         51.6794      2402.25
     3.95466      12.1967         53.3331      2451.82
     4.05352      12.3246         55.0367      2501.99
     4.15486      12.4523         56.7914      2552.75
     4.25873      12.5798         58.5989      2604.11
      4.3652      12.7071         60.4605      2656.07
     4.47433      12.8342         62.3779      2708.62
     4.58619      12.9611         64.3527      2761.76
     4.70084      13.0877         66.3864       2815.5
     4.81836       13.214         68.4808      2869.83
     4.93882      13.3401         70.6376      2924.75
     5.06229      13.4658         72.8585      2980.25
     5.18885      13.5912         75.1454      3036.34
     5.31857      13.7163         77.5002      3093.02
     5.45154      13.8411         79.9248      3150.28
     5.58783      13.9655         82.4211      3208.12
     5.72752      14.0895         84.9912      3266.54
     5.87071      14.2131         87.6372      3325.54
     6.01748      14.3363         90.3612      3385.12
     6.16791       14.459         93.1654      3445.27
     6.32211      14.5814         96.0522         3506
     6.48016      14.7033         99.0238      3567.29
     6.64217      14.8247         102.083      3629.15
     6.80822      14.9457         105.231      3691.58
     6.97843      15.0662         108.472      3754.57
     7.15289      15.1862         111.807      3818.13
     7.33171      15.3057          115.24      3882.24
       7.515      15.4247         118.773      3946.92
     7.70288      15.5431         122.409      4012.14
     7.89545       15.661         126.151      4077.92
     8.09284      15.7784         130.002      4144.25
     8.29516      15.8952         133.965      4211.13
     8.50254      16.0114         138.043      4278.56
      8.7151      16.1271         142.239      4346.53
     8.93298      16.2422         146.557      4415.04
      9.1563      16.3567             151      4484.08
     9.38521      16.4706         155.571      4553.67
     9.61984      16.5839         160.275      4623.78
     9.86034      16.6965         165.114      4694.43
     10.1068      16.8086         170.093      4765.61
     10.3595        16.92         175.215      4837.31
     10.6185      17.0308         180.484      4909.54
      10.884      17.1409         185.906      4982.29
     11.1561      17.2504         191.483      5055.56
      11.435      17.3593          197.22      5129.34
     11.7208      17.4674         203.121      5203.64
     12.0139      17.5749         209.192      5278.45
     12.3142      17.6818         215.437      5353.77
     12.6221       17.788          221.86      5429.59
     12.9376      17.8935         228.467      5505.92
     13.2611      17.9983         235.263      5582.75
     13.5926      18.1024         242.253      5660.08
     13.9324      18.2058         249.442       5737.9
     14.2807      18.3086         256.835      5816.22
     14.6377      18.4106          264.44      5895.04
     15.0037      18.5119         272.261      5974.34
     15.3788      18.6126         280.304      6054.13
     15.7632      18.7125         288.576       6134.4
     16.1573      18.8117         297.082      6215.16
     16.5612      18.9103          305.83       6296.4
     16.9753      19.0081         314.826      6378.11
     17.3997      19.1052         324.076      6460.31
     17.8346      19.2015         333.589      6542.97
     18.2805      19.2972         343.371      6626.11
     18.7375      19.3921         353.429      6709.72
      19.206      19.4864         363.771       6793.8
     19.6861      19.5799         374.406      6878.34
     20.1783      19.6726          385.34      6963.35
     20.6827      19.7647         396.583      7048.82
     21.1998      19.8561         408.142      7134.74
     21.7298      19.9467         420.027      7221.13
      22.273      20.0366         432.246      7307.97
     22.8299      20.1258          444.81      7395.27
     23.4006      20.2143         457.726      7483.02
     23.9856       20.302         471.005      7571.22
     24.5853       20.389         484.657      7659.87
     25.1999      20.4754         498.691      7748.96
     25.8299       20.561          513.12      7838.51
     26.4756      20.6459         527.953      7928.49
     27.1375        20.73         543.201      8018.92
      27.816      20.8135         558.876       8109.8
     28.5114      20.8962         574.989      8201.11
     29.2241      20.9783         591.554      8292.86
     29.9547      21.0596         608.581      8385.05
     30.7036      21.1403         626.083      8477.67
     31.4712      21.2202         644.075      8570.73
      32.258      21.2995         662.568      8664.22
     33.0644       21.378         681.577      8758.14
     33.8911      21.4558         701.116       8852.5
     34.7383       21.533           721.2      8947.29
     35.6068      21.6094         741.842       9042.5
      36.497      21.6852          763.06      9138.15
     37.4094      21.7603         784.867      9234.22
     38.3446      21.8347         807.281      9330.71
     39.3032      21.9084         830.318      9427.64
     40.2858      21.9815         853.995      9524.99
      41.293      22.0539          878.33      9622.76
     42.3253      22.1256          903.34      9720.95
     43.3834      22.1966         929.043      9819.57
      44.468       22.267          955.46      9918.61
     45.5797      22.3367         982.609      10018.1
     46.7192      22.4058         1010.51        10118
     47.8872      22.4742         1039.18      10218.3
     49.0843       22.542         1068.65        10319
     50.3115      22.6091         1098.93      10420.1
     51.5692      22.6756         1130.06      10521.7
     52.8585      22.7414         1162.04      10623.7
     54.1799      22.8066          1194.9      10726.1
     55.5344      22.8712         1228.68      10828.9
     56.9228      22.9351         1263.38      10932.2
     58.3459      22.9985         1299.05      11035.8
     59.8045      23.0612          1335.7      11139.9
     61.2996      23.1233         1373.36      11244.4
     62.8321      23.1847         1412.05      11349.3
     64.4029      23.2456         1451.82      11454.7
      66.013      23.3059         1492.68      11560.4
     67.6633      23.3655         1534.67      11666.6
     69.3549      23.4246         1577.81      11773.2
     71.0888      23.4831         1622.14      11880.2
      72.866       23.541         1667.69      11987.7
     74.6876      23.5983         1714.49      12095.5
     76.5548       23.655         1762.58      12203.8
     78.4687      23.7112            1812      12312.5
     80.4304      23.7668         1862.77      12421.7
     82.4412      23.8218         1914.93      12531.2
     84.5022      23.8763         1968.53      12641.2
     86.6148      23.9302          2023.6      12751.6
     88.7801      23.9835         2080.18      12862.5
     90.9996      24.0363         2138.32      12973.7
     93.2746      24.0886         2198.05      13085.4
     95.6065      24.1403         2259.41      13197.5
     97.9967      24.1914         2322.46      13310.1
     100.447      24.2421         2387.24        13423
     102.958      24.2922         2453.79      13536.4
     105.532      24.3418         2522.17      13650.3
      108.17      24.3909         2592.42      13764.5
     110.874      24.4394         2664.59      13879.3
     113.646      24.4875         2738.73      13994.4
     116.487       24.535         2814.91        14110
     119.399      24.5821         2893.17        14226
     122.384      24.6286         2973.56      14342.5
     125.444      24.6746         3056.16      14459.4
      128.58      24.7202         3141.02      14576.7
     131.795      24.7653         3228.19      14694.5
     135.089      24.8099         3317.75      14812.7
     138.467       24.854         3409.75      14931.4
     141.928      24.8976         3504.26      15050.6
     145.477      24.9408         3601.35      15170.1
     149.113      24.9835          3701.1      15290.2
     152.841      25.0257         3803.56      15410.7
     156.662      25.0675         3908.82      15531.6
     160.579      25.1089         4016.96        15653
     164.593      25.1497         4128.04      15774.9
     168.708      25.1902         4242.15      15897.2
     172.926      25.2302         4359.36        16020
     177.249      25.2698         4479.78      16143.2
      181.68      25.3089         4603.47        16267
     186.222      25.3476         4730.54      16391.1
     190.878      25.3859         4861.06      16515.8
      195.65      25.4238         4995.14      16640.9
     200.541      25.4612         5132.87      16766.6
     205.555      25.4982         5274.34      16892.6
     210.693      25.5349         5419.67      17019.2
     215.961      25.5711         5568.95      17146.3
      221.36      25.6069         5722.29      17273.8
     226.894      25.6423          5879.8      17401.8
     232.566      25.6774         6041.59      17530.3
      238.38       25.712         6207.78      17659.3
      244.34      25.7463         6378.49      17788.8
     250.448      25.7802         6553.84      17918.8
      256.71      25.8137         6733.95      18049.3
     263.127      25.8468         6918.96      18180.3
     269.705      25.8796         7108.99      18311.8
     276.448      25.9119         7304.18      18443.8
     283.359       25.944         7504.67      18576.3
     290.443      25.9756         7710.61      18709.4
     297.704       26.007         7922.13      18842.9
     305.147      26.0379          8139.4        18977
     312.776      26.0685         8362.56      19111.5
     320.595      26.0988         8591.77      19246.6
      328.61      26.1287          8827.2      19382.3
     336.825      26.1583         9069.02      19518.4
     345.246      26.1876         9317.39      19655.1
     353.877      26.2165          9572.5      19792.3
     362.724      26.2451         9834.52      19930.1
     371.792      26.2734         10103.6      20068.4
     381.087      26.3013         10380.1      20207.3
     390.614      26.3289           10664      20346.7
     400.379      26.3563         10955.6      20486.6
     410.389      26.3833         11255.1      20627.1
     420.648        26.41         11562.7      20768.2
     431.165      26.4363         11878.6      20909.8
     441.944      26.4624         12203.1      21051.9
     452.992      26.4882         12536.4      21194.7
     464.317      26.5137         12878.7        21338
     475.925      26.5389         13230.3      21481.9
     487.823      26.5638         13591.4      21626.3
     500.019      26.5885         13962.2      21771.4
     512.519      26.6128         14343.1        21917
     525.332      26.6369         14734.3      22063.2
     538.466      26.6607         15136.1        22210
     551.927      26.6842         15548.8      22357.4
     565.725      26.7074         15972.6      22505.4
     579.869      26.7304         16407.8        22654
     594.365      26.7531         16854.9      22803.2
     609.224      26.7756           17314        22953
     624.455      26.7978         17785.5      23103.4
     640.066      26.8197         18269.8      23254.4
     656.068      26.8414         18767.1      23406.1
      672.47      26.8628         19277.9      23558.3
     689.281       26.884         19802.5      23711.2
     706.514      26.9049         20341.3      23864.8
     724.176      26.9256         20894.6      24018.9
     742.281       26.946         21462.9      24173.7
     760.838      26.9663         22046.5      24329.2
     779.859      26.9862         22645.9      24485.2
     799.355       27.006         23261.5        24642
     819.339      27.0255         23893.7      24799.4
     839.823      27.0448         24542.9      24957.4
     860.818      27.0638         25209.7      25116.1
     882.339      27.0827         25894.5      25275.5
     904.397      27.1013         26597.8      25435.5
     927.007      27.1197           27320      25596.2
     950.182      27.1379         28061.7      25757.6
     973.937      27.1558         28823.5      25919.7
     998.285      27.1736         29605.8      26082.4
     1023.24      27.1911         30409.2      26245.9
     1048.82      27.2085         31234.2        26410
     1075.04      27.2256         32081.5      26574.9
     1101.92      27.2426         32951.7      26740.4
     1129.47      27.2593         33845.4      26906.6
      1157.7      27.2758         34763.1      27073.6
     1186.65      27.2922         35705.6      27241.3
     1216.31      27.3083         36673.5      27409.7
     1246.72      27.3243         37667.5      27578.8
     1277.89      27.3401         38688.2      27748.6
     1309.84      27.3557         39736.5      27919.2
     1342.58      27.3711         40813.1      28090.5
     1376.15      27.3863         41918.7      28262.6
     1410.55      27.4014           43054      28435.4
     1445.81      27.4162           44220        28609
     1481.96      27.4309         45417.3      28783.3
     1519.01      27.4454           46647      28958.4
     1556.98      27.4598         47909.7      29134.2
     1595.91       27.474         49206.5      29310.8
     1635.81       27.488         50538.2      29488.2
      1676.7      27.5018         51905.8      29666.4
     1718.62      27.5155         53310.2      29845.3
     1761.58       27.529         54752.4      30025.1
     1805.62      27.5424         56233.4      30205.6
     1850.76      27.5556         57754.4        30387
     1897.03      27.5686         59316.3      30569.1
     1944.46      27.5815         60920.2        30752
     1993.07      27.5942         62567.4      30935.8
