      100000        1e-05      101.833      10.0913
      115478  1.15478e-05      100.605      10.0302
      133352  1.33352e-05      99.3809        9.969
      153993  1.53993e-05      98.1598      9.90756
      177828  1.77828e-05      96.9421      9.84592
      205353  2.05353e-05       95.728      9.78407
      237137  2.37137e-05      94.5175      9.72201
      273842  2.73842e-05      93.3108      9.65975
      316228  3.16228e-05      92.1078      9.59728
      365174  3.65174e-05      90.9087       9.5346
      421697  4.21697e-05      89.7135      9.47172
      486968  4.86968e-05      88.5224      9.40863
      562341  5.62341e-05      87.3353      9.34534
      649382  6.49382e-05      86.1525      9.28184
      749894  7.49894e-05      84.9739      9.21813
      865964  8.65964e-05      83.7997      9.15422
       1e+06       0.0001        82.63       9.0901
 1.15478e+06  0.000115478      81.4648      9.02579
 1.33352e+06  0.000133352      80.3043      8.96126
 1.53993e+06  0.000153993      79.1484      8.89654
 1.77828e+06  0.000177828      77.9974      8.83162
 2.05353e+06  0.000205353      76.8514      8.76649
 2.37137e+06  0.000237137      75.7103      8.70117
 2.73842e+06  0.000273842      74.5743      8.63564
 3.16228e+06  0.000316228      73.4436      8.56992
 3.65174e+06  0.000365174      72.3182      8.50401
 4.21697e+06  0.000421697      71.1982       8.4379
 4.86968e+06  0.000486968      70.0837       8.3716
 5.62341e+06  0.000562341      68.9748      8.30511
 6.49382e+06  0.000649382      67.8717      8.23843
 7.49894e+06  0.000749894      66.7743      8.17156
 8.65964e+06  0.000865964       65.683       8.1045
       1e+07        0.001      64.5977      8.03727
 1.15478e+07   0.00115478      63.5185      7.96985
 1.33352e+07   0.00133352      62.4456      7.90225
 1.53993e+07   0.00153993      61.3791      7.83448
 1.77828e+07   0.00177828      60.3191      7.76654
 2.05353e+07   0.00205353      59.2657      7.69842
 2.37137e+07   0.00237137       58.219      7.63014
 2.73842e+07   0.00273842      57.1791      7.56169
 3.16228e+07   0.00316228      56.1462      7.49308
 3.65174e+07   0.00365174      55.1204      7.42431
 4.21697e+07   0.00421697      54.1018      7.35539
 4.86968e+07   0.00486968      53.0905      7.28632
 5.62341e+07   0.00562341      52.0866       7.2171
 6.49382e+07   0.00649382      51.0902      7.14774
 7.49894e+07   0.00749894      50.1015      7.07824
 8.65964e+07   0.00865964      49.1206      7.00861
       1e+08         0.01      48.1476      6.93885
 1.15478e+08    0.0115478      47.1826      6.86896
 1.33352e+08    0.0133352      46.2258      6.79895
 1.53993e+08    0.0153993      45.2772      6.72883
 1.77828e+08    0.0177828       44.337       6.6586
 2.05353e+08    0.0205353      43.4053      6.58827
 2.37137e+08    0.0237137      42.4822      6.51784
 2.73842e+08    0.0273842      41.5679      6.44732
 3.16228e+08    0.0316228      40.6624      6.37671
 3.65174e+08    0.0365174      39.7659      6.30602
 4.21697e+08    0.0421697      38.8785      6.23526
 4.86968e+08    0.0486968      38.0003      6.16444
 5.62341e+08    0.0562341      37.1314      6.09355
 6.49382e+08    0.0649382      36.2719      6.02262
 7.49894e+08    0.0749894       35.422      5.95164
 8.65964e+08    0.0865964      34.5818      5.88063
       1e+09          0.1      33.7513      5.80958
 1.15478e+09     0.115478      32.9306      5.73852
 1.33352e+09     0.133352        32.12      5.66745
 1.53993e+09     0.153993      31.3194      5.59637
 1.77828e+09     0.177828      30.5289       5.5253
 2.05353e+09     0.205353      29.7488      5.45424
 2.37137e+09     0.237137       28.979      5.38321
 2.73842e+09     0.273842      28.2197      5.31222
 3.16228e+09     0.316228      27.4709      5.24127
 3.65174e+09     0.365174      26.7327      5.17037
 4.21697e+09     0.421697      26.0052      5.09953
 4.86968e+09     0.486968      25.2886      5.02878
 5.62341e+09     0.562341      24.5828       4.9581
 6.49382e+09     0.649382      23.8879      4.88753
 7.49894e+09     0.749894      23.2041      4.81706
 8.65964e+09     0.865964      22.5313      4.74671
       1e+10            1      21.8696      4.67649
 1.15478e+10      1.15478      21.2191      4.60642
 1.33352e+10      1.33352      20.5798       4.5365
 1.53993e+10      1.53993      19.9518      4.46675
 1.77828e+10      1.77828      19.3351      4.39717
 2.05353e+10      2.05353      18.7298      4.32779
 2.37137e+10      2.37137      18.1358      4.25862
 2.73842e+10      2.73842      17.5533      4.18966
 3.16228e+10      3.16228      16.9821      4.12093
 3.65174e+10      3.65174      16.4224      4.05245
 4.21697e+10      4.21697      15.8741      3.98423
 4.86968e+10      4.86968      15.3372      3.91627
 5.62341e+10      5.62341      14.8118      3.84861
 6.49382e+10      6.49382      14.2977      3.78124
 7.49894e+10      7.49894      13.7951      3.71418
 8.65964e+10      8.65964      13.3039      3.64745
       1e+11           10       12.824      3.58106
 1.15478e+11      11.5478      12.3554      3.51502
 1.33352e+11      13.3352      11.8981      3.44936
 1.53993e+11      15.3993       11.452      3.38407
 1.77828e+11      17.7828       11.017      3.31919
 2.05353e+11      20.5353      10.5931      3.25471
 2.37137e+11      23.7137      10.1803      3.19066
 2.73842e+11      27.3842      9.77844      3.12705
 3.16228e+11      31.6228      9.38744      3.06389
 3.65174e+11      36.5174      9.00722       3.0012
 4.21697e+11      42.1697      8.63769      2.93899
 4.86968e+11      48.6968      8.27874      2.87728
 5.62341e+11      56.2341      7.93028      2.81607
 6.49382e+11      64.9382      7.59218      2.75539
 7.49894e+11      74.9894      7.26434      2.69524
 8.65964e+11      86.5964      6.94662      2.63564
       1e+12          100       6.6389      2.57661
 1.15478e+12      115.478      6.34104      2.51814
 1.33352e+12      133.352       6.0529      2.46026
 1.53993e+12      153.993      5.77434      2.40299
 1.77828e+12      177.828      5.50521      2.34632
 2.05353e+12      205.353      5.24535      2.29027
 2.37137e+12      237.137      4.99461      2.23486
 2.73842e+12      273.842      4.75281       2.1801
 3.16228e+12      316.228      4.51981      2.12598
 3.65174e+12      365.174      4.29541      2.07254
 4.21697e+12      421.697      4.07946      2.01977
 4.86968e+12      486.968      3.87178      1.96768
 5.62341e+12      562.341      3.67218      1.91629
 6.49382e+12      649.382      3.48049      1.86561
 7.49894e+12      749.894      3.29651      1.81563
 8.65964e+12      865.964      3.12007      1.76637
       1e+13         1000      2.95098      1.71784
 1.15478e+13      1154.78      2.78905      1.67005
 1.33352e+13      1333.52       2.6341      1.62299
 1.53993e+13      1539.93      2.48592      1.57668
 1.77828e+13      1778.28      2.34433      1.53112
 2.05353e+13      2053.53      2.20914      1.48632
 2.37137e+13      2371.37      2.08015      1.44227
 2.73842e+13      2738.42      1.95719        1.399
 3.16228e+13      3162.28      1.84006      1.35649
 3.65174e+13      3651.74      1.72857      1.31475
 4.21697e+13      4216.97      1.62253      1.27379
 4.86968e+13      4869.68      1.52176       1.2336
 5.62341e+13      5623.41      1.42608      1.19419
 6.49382e+13      6493.82       1.3353      1.15555
 7.49894e+13      7498.94      1.24925       1.1177
 8.65964e+13      8659.64      1.16774      1.08062
       1e+14        10000      1.09061      1.04432
 1.15478e+14      11547.8      1.01768       1.0088
 1.33352e+14      13335.2     0.948784     0.974055
 1.53993e+14      15399.3     0.883754     0.940082
 1.77828e+14      17782.8      0.82243     0.906879
 2.05353e+14      20535.3     0.764653     0.874444
 2.37137e+14      23713.7     0.710268     0.842774
 2.73842e+14      27384.2     0.659123     0.811864
 3.16228e+14      31622.8     0.611071      0.78171
 3.65174e+14      36517.4     0.565968     0.752308
 4.21697e+14      42169.7     0.523673     0.723653
 4.86968e+14      48696.8     0.484052     0.695738
 5.62341e+14      56234.1     0.446972     0.668559
 6.49382e+14      64938.2     0.412304     0.642109
 7.49894e+14      74989.4     0.379926     0.616382
 8.65964e+14      86596.4     0.349718      0.59137
       1e+15       100000     0.321563     0.567066
 1.15478e+15       115478     0.295351     0.543462
 1.33352e+15       133352     0.270974     0.520552
 1.53993e+15       153993     0.248329     0.498326
 1.77828e+15       177828     0.227316     0.476776
 2.05353e+15       205353     0.207839     0.455894
 2.37137e+15       237137     0.189808     0.435669
 2.73842e+15       273842     0.173134     0.416094
 3.16228e+15       316228     0.157735     0.397158
 3.65174e+15       365174     0.143529     0.378852
 4.21697e+15       421697     0.130441     0.361166
 4.86968e+15       486968     0.118397     0.344089
 5.62341e+15       562341     0.107329     0.327611
 6.49382e+15       649382    0.0971702     0.311721
 7.49894e+15       749894    0.0878586      0.29641
 8.65964e+15       865964    0.0793348     0.281664
       1e+16        1e+06    0.0715427     0.267475
