0.007812 1
0.02356 1
0.03931 1
0.05506 1
0.07081 1
0.08656 1
0.1023 1
0.1181 1
0.1338 1
0.1496 1
0.1653 1
0.1811 1
0.1968 1
0.2125 1
0.2283 1
0.244 1
0.2598 1
0.2755 1
0.2913 1
0.307 1
0.3228 1
0.3385 1
0.3543 1
0.37 1
0.3858 1
0.4015 1
0.4173 1
0.433 1
0.4488 1
0.4645 1
0.4803 1
0.496 1
0.5118 1
0.5275 1
0.5433 1
0.559 1
0.5748 1
0.5905 1
0.6063 1
0.622 1
0.6378 1
0.6535 1
0.6693 1
0.685 1
0.7008 1
0.7165 1
0.7323 1
0.748 1
0.7638 1
0.7795 1
0.7953 1
0.811 1
0.8268 1
0.8425 1
0.8583 1
0.874 1
0.8898 1
0.9055 1
0.9213 1
0.937 1
0.9528 1
0.9685 1
0.9843 1
1 1
